1703079193263 63052.69858530405 0
1703079198902 61940.74904983108 1
1703079205822 61600.65936444257 2
1703079212571 61478.2223289696 3
1703079219265 61396.27990920608 4
1703079225991 61314.421853885135 5
1703079233317 61225.2902660473 6
1703079240564 61194.31015625 7
1703079247763 61135.96606841216 8
1703079254829 61089.47339527027 9
1703079261933 61064.69284206081 10
1703079269031 61050.84735008446 11
1703079276225 61042.841205658784 12
1703079283315 61023.958815456084 13
1703079290444 61007.98601140203 14
1703079297589 61000.103114442565 15
1703079304700 60987.57569679054 16
1703079311811 60972.35960726351 17
1703079318923 60958.651277449324 18
1703079325988 60949.154708614864 19
1703079333029 60936.89901815879 20
1703079340147 60935.77898015203 21
1703079347385 60928.00298775338 22
1703079354615 60920.97533783784 23
1703079361700 60910.54188133446 24
1703079368797 60904.79796241554 25
1703079375910 60897.62862119932 26
1703079382981 60893.33679265203 27
1703079390247 60901.24203969594 28
1703079397375 60890.100538429055 29
