1703077944226 63129.94669552365 0
1703077951436 62011.85929054054 1
1703077960115 61647.50078125 2
1703077968613 61476.09874366554 3
1703077977080 61386.09875422297 4
1703077985245 61310.51877111487 5
1703077993712 61271.59019214527 6
1703078002056 61228.99644214527 7
1703078009943 61193.99584037162 8
1703078018177 61167.608065878376 9
1703078027861 61127.07981418919 10
1703078035890 61103.92207559122 11
1703078044019 61084.85581714527 12
1703078051756 61076.54418285473 13
1703078059699 61070.0594066723 14
1703078066933 61050.18137668919 15
1703078074342 61041.08139780405 16
1703078081444 61018.8304054054 17
1703078089186 61006.41262668919 18
1703078096664 61004.07199113176 19
1703078103754 60994.28467060811 20
1703078111217 60978.67799831081 21
1703078119117 60961.206577280405 22
1703078127470 60958.48064822635 23
1703078135371 60947.47175886824 24
1703078142746 60939.58816511824 25
1703078150511 60927.91905616554 26
1703078157597 60926.48072212838 27
1703078166093 60908.93101773649 28
1703078173958 60910.39556587838 29
