1703069063706 63063.657421875 0
1703069069295 61839.85155194257 1
1703069076283 61537.08194679054 2
1703069083735 61431.57591849662 3
1703069091533 61362.716913006756 4
1703069099212 61302.10119298987 5
1703069106344 61234.70980785473 6
1703069114332 61194.634163851355 7
1703069122236 61163.040128800676 8
1703069130180 61125.69500633446 9
1703069137901 61105.835293496624 10
1703069145412 61097.84803631757 11
1703069153064 61073.30169974662 12
1703069160188 61054.779180743244 13
1703069167971 61044.893084881754 14
1703069175614 61015.208488175675 15
1703069182756 60997.442430320945 16
1703069190107 60979.55216427365 17
1703069197545 60978.05193201014 18
1703069205724 60962.18475506757 19
1703069213257 60953.65978673987 20
1703069220807 60946.35248099662 21
1703069228081 60943.504413006754 22
1703069235720 60931.93443834459 23
1703069243060 60924.88642314189 24
1703069250356 60917.10615498311 25
1703069258070 60912.669752956084 26
1703069265797 60907.304222972976 27
1703069273162 60903.130078125 28
1703069280330 60903.501076858105 29
